29 215 0 16
1 2 5
1 4 4
1 5 1
1 7 1
1 8 5
1 11 5
1 12 4
1 13 2
1 15 1
1 16 3
1 18 3
1 19 1
1 20 5
1 23 3
1 25 3
1 27 2
1 29 4
2 7 4
2 10 5
2 11 1
2 12 2
2 14 4
2 15 2
2 16 5
2 18 5
2 21 1
2 22 1
2 23 2
2 26 1
2 28 2
3 4 1
3 5 4
3 8 1
3 9 3
3 10 4
3 12 3
3 15 5
3 16 4
3 17 4
3 18 4
3 20 3
3 22 1
3 24 4
3 26 1
3 28 4
4 6 2
4 8 4
4 11 1
4 14 3
4 15 2
4 16 1
4 17 4
4 18 5
4 22 5
4 23 5
4 25 1
4 26 3
4 29 1
5 6 1
5 7 3
5 8 2
5 9 2
5 10 1
5 12 5
5 14 3
5 18 3
5 19 5
5 21 4
5 26 1
5 27 1
5 28 2
5 29 1
6 8 1
6 9 1
6 10 5
6 12 2
6 15 4
6 19 5
6 21 5
6 26 2
6 29 5
7 9 2
7 11 1
7 12 2
7 13 1
7 14 2
7 16 2
7 19 5
7 21 3
7 23 5
7 25 2
7 26 4
7 27 1
7 28 1
7 29 5
8 9 1
8 14 5
8 15 1
8 19 4
8 21 3
8 24 3
8 25 5
8 26 1
8 29 4
9 10 1
9 11 5
9 12 5
9 13 5
9 16 5
9 18 4
9 19 3
9 20 1
9 21 1
9 22 3
9 23 5
9 24 4
9 25 3
9 26 4
9 27 3
9 29 2
10 12 4
10 14 1
10 15 1
10 17 1
10 18 1
10 21 1
10 25 5
10 26 2
10 27 4
10 28 3
11 12 5
11 13 1
11 14 2
11 15 4
11 16 1
11 17 2
11 18 2
11 19 5
11 24 4
11 26 1
12 16 2
12 17 3
12 19 3
12 20 1
12 23 2
12 24 2
12 27 4
12 28 3
13 14 4
13 15 1
13 21 2
13 24 5
13 25 5
13 26 3
13 27 1
13 28 2
14 15 3
14 20 5
14 24 3
14 28 2
14 29 5
15 18 2
15 19 4
15 21 3
15 22 2
15 24 3
15 25 1
15 28 5
15 29 1
16 18 2
16 19 3
16 21 2
16 22 3
16 23 4
16 25 2
16 27 3
16 28 3
16 29 3
17 20 2
17 21 4
17 24 1
18 20 5
18 21 2
18 23 3
18 27 3
18 28 2
19 20 5
19 22 4
19 23 4
19 24 4
19 25 2
19 26 5
20 24 4
20 25 5
21 22 4
21 23 5
21 26 3
21 27 1
21 29 2
22 23 4
22 26 4
22 28 2
23 24 4
23 27 5
24 25 5
24 26 5
24 27 4
24 28 1
24 29 5
25 26 2
25 27 2
25 28 3
26 27 4
26 28 4
26 29 4
