33 409 0 10
1 2 6
1 3 20
1 4 6
1 5 7
1 6 1
1 8 8
1 9 20
1 10 1
1 11 16
1 13 19
1 14 6
1 16 17
1 17 17
1 18 16
1 19 14
1 20 12
1 22 1
1 23 10
1 24 1
1 28 4
1 29 14
1 30 20
1 31 20
1 32 16
1 33 19
2 3 8
2 4 16
2 5 19
2 6 1
2 7 6
2 8 20
2 9 17
2 10 8
2 11 10
2 13 3
2 14 3
2 15 5
2 17 2
2 18 12
2 19 20
2 21 13
2 22 6
2 23 2
2 24 14
2 25 2
2 26 13
2 28 20
2 29 9
2 30 6
2 31 12
2 32 2
2 33 11
3 4 20
3 5 14
3 6 3
3 7 8
3 8 2
3 9 19
3 10 20
3 11 20
3 12 18
3 13 7
3 14 12
3 15 18
3 16 1
3 18 13
3 19 8
3 21 4
3 22 6
3 23 7
3 24 18
3 25 16
3 26 19
3 28 19
3 30 7
3 31 14
3 32 16
3 33 2
4 5 18
4 6 4
4 7 9
4 8 20
4 10 12
4 11 14
4 12 14
4 13 11
4 14 2
4 15 6
4 16 10
4 17 17
4 18 18
4 21 11
4 22 13
4 25 12
4 26 14
4 27 7
4 28 6
4 29 4
4 30 11
4 31 17
4 32 8
4 33 8
5 6 2
5 8 18
5 9 8
5 10 6
5 11 1
5 12 15
5 13 8
5 14 13
5 15 6
5 16 8
5 17 10
5 18 10
5 19 12
5 21 9
5 22 19
5 23 20
5 24 18
5 26 12
5 27 8
5 28 14
5 29 2
5 30 12
5 31 17
5 32 14
6 7 19
6 8 6
6 11 19
6 12 4
6 13 15
6 15 1
6 16 7
6 17 19
6 18 7
6 19 4
6 21 14
6 22 16
6 24 9
6 25 4
6 26 1
6 27 15
6 28 17
6 29 9
6 30 7
6 31 19
6 33 6
7 8 7
7 9 8
7 10 20
7 13 14
7 14 19
7 15 19
7 17 13
7 18 9
7 19 18
7 20 7
7 21 10
7 22 8
7 25 5
7 26 12
7 27 9
7 30 20
7 31 18
7 32 9
7 33 16
8 11 2
8 12 17
8 14 1
8 15 8
8 16 12
8 17 3
8 18 10
8 19 14
8 20 12
8 21 16
8 22 16
8 23 5
8 24 1
8 25 3
8 26 2
8 27 3
8 28 20
8 29 19
8 30 12
8 31 18
8 32 8
9 10 17
9 11 13
9 13 14
9 14 20
9 15 2
9 16 10
9 17 3
9 18 3
9 20 13
9 23 15
9 24 10
9 25 1
9 27 7
9 31 13
9 32 19
9 33 19
10 12 6
10 13 2
10 14 7
10 15 20
10 16 7
10 17 5
10 18 7
10 19 3
10 21 17
10 22 3
10 23 5
10 24 12
10 25 2
10 26 7
10 28 6
10 30 1
10 33 19
11 12 15
11 13 18
11 14 8
11 15 2
11 16 9
11 17 17
11 18 17
11 19 9
11 20 5
11 22 19
11 23 16
11 25 7
11 26 20
11 28 20
11 29 18
11 30 4
11 31 18
11 32 16
12 14 13
12 15 12
12 16 20
12 17 13
12 18 6
12 19 20
12 20 9
12 21 6
12 22 8
12 23 6
12 24 2
12 25 14
12 26 4
12 28 2
12 32 18
12 33 16
13 14 8
13 15 14
13 17 15
13 18 5
13 19 7
13 20 12
13 21 6
13 22 17
13 23 7
13 24 16
13 25 18
13 26 10
13 28 5
13 30 6
13 31 16
13 32 18
14 15 13
14 16 4
14 17 6
14 18 18
14 19 10
14 20 2
14 21 5
14 22 11
14 24 17
14 25 20
14 27 9
14 28 6
14 29 11
14 30 11
14 31 1
14 32 4
14 33 16
15 16 10
15 17 20
15 18 20
15 21 18
15 22 8
15 23 14
15 25 19
15 26 9
15 27 7
15 28 17
15 31 8
15 32 11
15 33 19
16 17 3
16 18 5
16 20 15
16 21 18
16 22 20
16 23 6
16 26 14
16 29 9
16 31 4
16 32 15
17 20 5
17 21 14
17 22 7
17 23 9
17 25 4
17 26 14
17 27 16
17 29 2
17 30 11
17 31 11
17 32 4
18 19 17
18 20 11
18 21 10
18 23 9
18 25 3
18 26 17
18 27 8
18 28 14
18 30 17
18 31 13
18 32 7
18 33 20
19 21 2
19 22 11
19 24 14
19 25 4
19 26 12
19 28 5
19 29 9
19 30 13
19 31 16
19 32 17
19 33 16
20 21 2
20 23 20
20 24 12
20 26 12
20 27 19
20 28 5
20 29 10
20 30 11
20 32 10
21 26 15
21 27 18
21 28 8
21 30 17
21 31 1
21 33 10
22 23 1
22 24 11
22 25 17
22 26 16
22 27 8
22 28 11
22 29 8
22 30 5
22 31 9
22 32 12
22 33 5
23 25 12
23 26 9
23 28 2
23 29 16
23 31 15
23 33 16
24 25 9
24 26 14
24 27 16
24 29 11
24 30 6
24 31 2
24 32 3
25 27 8
25 28 6
25 29 10
25 30 4
25 31 17
25 32 18
26 27 14
26 29 1
26 30 12
26 31 3
26 32 17
27 28 4
27 29 16
27 30 8
27 32 4
27 33 12
28 29 5
28 30 2
28 31 7
28 33 10
29 30 7
29 31 11
29 33 7
30 32 19
31 33 16
32 33 6
