21 139 0 14
1 2 10
1 3 5
1 8 9
1 9 5
1 11 9
1 12 6
1 13 8
1 14 8
1 16 7
1 17 10
1 18 9
1 20 5
2 3 7
2 4 5
2 5 7
2 6 5
2 8 10
2 11 9
2 12 5
2 14 6
2 15 7
2 16 5
2 17 7
2 18 6
2 19 5
2 21 10
3 4 7
3 6 7
3 7 8
3 8 5
3 9 7
3 10 5
3 14 6
3 15 7
3 16 9
3 18 6
3 19 6
3 20 8
4 5 7
4 6 8
4 7 7
4 8 8
4 9 7
4 10 8
4 13 8
4 15 7
4 16 7
4 19 9
4 20 5
5 6 10
5 7 7
5 11 7
5 12 6
5 13 10
5 14 9
5 15 10
5 17 7
5 18 7
5 19 9
5 20 7
5 21 7
6 7 8
6 8 8
6 10 10
6 11 5
6 12 10
6 14 5
6 15 5
6 16 10
6 18 6
6 19 10
6 20 5
7 9 7
7 10 6
7 12 5
7 14 6
7 15 7
7 16 8
7 18 9
7 21 9
8 9 10
8 10 10
8 11 6
8 12 5
8 14 6
8 15 7
8 16 7
8 17 6
8 19 7
8 21 10
9 10 5
9 11 10
9 12 9
9 13 10
9 15 10
9 16 7
9 17 8
9 18 8
9 20 8
9 21 5
10 11 6
10 12 7
10 14 5
10 17 8
10 18 8
10 19 9
10 20 9
10 21 6
11 13 10
11 16 10
11 17 10
11 20 8
11 21 5
12 13 6
12 15 9
12 17 9
12 20 7
12 21 9
13 14 9
13 15 9
13 16 6
13 19 10
13 20 7
14 15 9
14 16 5
14 18 9
14 19 7
14 20 5
14 21 7
15 17 10
15 18 10
15 20 9
15 21 10
16 19 9
16 20 10
17 18 10
17 21 5
18 19 8
19 21 5
