62 910 0 59
1 3 18
1 4 28
1 5 17
1 6 28
1 7 21
1 9 9
1 12 12
1 15 15
1 17 21
1 20 7
1 22 6
1 25 14
1 27 15
1 28 9
1 32 25
1 34 23
1 35 28
1 37 11
1 40 30
1 45 9
1 46 30
1 47 23
1 48 25
1 49 20
1 51 10
1 56 27
1 57 27
1 59 29
1 60 29
2 5 23
2 7 26
2 10 11
2 11 7
2 12 8
2 13 10
2 14 18
2 16 5
2 17 5
2 18 28
2 19 6
2 24 19
2 25 7
2 26 5
2 32 26
2 35 5
2 39 27
2 43 9
2 46 12
2 55 13
2 56 29
2 57 17
2 61 24
2 62 9
3 5 16
3 6 25
3 10 12
3 11 19
3 12 21
3 14 22
3 15 17
3 17 7
3 18 8
3 19 13
3 20 21
3 21 28
3 23 27
3 25 12
3 26 18
3 36 15
3 38 10
3 40 11
3 43 30
3 49 6
3 50 28
3 52 9
3 57 18
3 60 19
4 6 24
4 7 28
4 12 19
4 14 15
4 15 9
4 17 13
4 20 18
4 21 29
4 29 24
4 30 21
4 31 21
4 32 18
4 33 29
4 34 8
4 35 16
4 37 7
4 38 7
4 39 17
4 40 9
4 41 18
4 43 16
4 45 21
4 48 7
4 49 6
4 51 12
4 52 22
4 53 16
4 56 16
4 58 28
4 60 30
4 61 11
4 62 26
5 9 30
5 11 7
5 13 16
5 14 13
5 20 16
5 21 23
5 22 27
5 23 15
5 25 20
5 27 29
5 28 25
5 31 20
5 32 16
5 33 8
5 34 20
5 35 20
5 36 13
5 38 25
5 41 25
5 42 11
5 45 18
5 46 29
5 49 10
5 50 16
5 52 17
5 54 20
5 55 18
5 59 24
6 8 25
6 9 10
6 10 15
6 12 27
6 15 14
6 16 11
6 18 30
6 19 19
6 20 21
6 21 24
6 22 24
6 23 30
6 26 24
6 29 29
6 30 15
6 31 9
6 33 22
6 34 19
6 35 20
6 38 21
6 39 13
6 41 30
6 42 20
6 44 10
6 46 25
6 48 20
6 49 13
6 50 8
6 51 15
6 52 26
6 53 16
6 54 28
6 56 6
6 61 7
7 9 27
7 14 20
7 15 20
7 16 27
7 17 23
7 18 19
7 20 22
7 21 16
7 23 25
7 26 7
7 27 26
7 31 6
7 32 15
7 33 26
7 35 22
7 37 18
7 38 29
7 40 20
7 44 22
7 46 8
7 48 30
7 61 5
7 62 19
8 10 17
8 14 30
8 15 25
8 16 28
8 18 12
8 19 8
8 21 17
8 22 29
8 25 11
8 26 26
8 28 11
8 32 23
8 34 28
8 35 10
8 37 30
8 38 16
8 40 19
8 42 22
8 44 9
8 46 7
8 47 10
8 48 23
8 51 18
8 52 9
8 54 11
8 55 26
8 56 18
8 57 24
8 58 14
8 59 9
8 61 12
9 10 6
9 19 16
9 20 27
9 23 26
9 24 11
9 25 18
9 26 5
9 27 22
9 31 14
9 32 8
9 33 23
9 36 18
9 41 29
9 45 23
9 46 26
9 49 18
9 50 22
9 51 19
9 52 19
9 54 22
9 55 24
9 56 6
9 59 19
9 60 30
9 62 26
10 12 12
10 14 27
10 16 25
10 19 30
10 20 29
10 21 22
10 23 5
10 25 14
10 26 18
10 28 30
10 29 13
10 31 11
10 34 14
10 36 18
10 37 25
10 40 7
10 41 29
10 43 22
10 46 19
10 47 29
10 48 29
10 51 9
10 52 24
10 54 28
10 55 12
10 59 29
10 61 5
10 62 22
11 12 27
11 13 16
11 14 25
11 15 10
11 16 5
11 17 28
11 18 9
11 22 27
11 23 29
11 25 5
11 31 11
11 36 10
11 37 28
11 43 28
11 48 25
11 49 17
11 50 19
11 53 26
11 55 13
11 58 18
11 61 27
12 14 27
12 16 10
12 19 5
12 21 5
12 22 14
12 24 17
12 26 13
12 27 11
12 28 24
12 29 13
12 30 11
12 33 25
12 34 30
12 35 28
12 37 22
12 38 29
12 41 28
12 42 23
12 43 8
12 45 15
12 46 30
12 49 15
12 50 18
12 52 27
12 56 30
12 60 19
12 61 9
13 14 14
13 15 5
13 17 26
13 18 15
13 20 23
13 24 8
13 25 14
13 26 22
13 27 16
13 28 17
13 31 25
13 37 22
13 40 5
13 41 8
13 44 25
13 46 29
13 48 5
13 49 11
13 50 18
13 51 5
13 53 13
13 56 13
13 58 29
13 61 6
14 15 9
14 18 29
14 20 5
14 23 21
14 24 6
14 26 13
14 28 23
14 29 24
14 30 12
14 33 8
14 34 29
14 35 7
14 36 19
14 38 20
14 41 7
14 43 5
14 46 17
14 48 19
14 49 8
14 52 21
14 54 15
14 55 27
14 56 26
14 59 30
14 60 29
14 61 22
14 62 5
15 17 21
15 18 11
15 19 13
15 22 29
15 24 21
15 26 30
15 27 17
15 28 5
15 30 19
15 31 16
15 32 27
15 34 20
15 35 24
15 37 29
15 42 7
15 43 12
15 45 9
15 46 24
15 49 28
15 50 18
15 52 19
15 54 19
15 57 29
15 58 9
15 60 22
15 61 12
16 18 22
16 21 18
16 22 7
16 25 5
16 27 11
16 29 21
16 33 9
16 35 18
16 36 20
16 38 16
16 41 27
16 43 6
16 46 25
16 47 27
16 53 7
16 58 30
16 59 30
16 60 23
16 61 15
17 24 30
17 25 18
17 26 14
17 30 16
17 31 13
17 33 9
17 34 8
17 40 6
17 41 24
17 44 30
17 45 17
17 47 14
17 48 17
17 53 27
17 56 23
17 58 16
17 61 25
17 62 19
18 19 16
18 20 30
18 24 29
18 28 19
18 34 23
18 35 12
18 38 29
18 40 25
18 42 17
18 43 28
18 45 23
18 48 27
18 52 19
18 53 16
18 55 29
18 56 11
18 59 10
18 61 22
18 62 12
19 24 19
19 25 18
19 28 21
19 30 16
19 34 23
19 43 15
19 45 30
19 46 25
19 47 15
19 48 22
19 49 27
19 50 13
19 53 11
19 57 9
19 58 10
19 59 26
19 61 16
20 21 26
20 23 6
20 28 21
20 29 22
20 30 12
20 31 7
20 33 13
20 34 11
20 35 25
20 37 10
20 39 20
20 40 21
20 41 15
20 44 10
20 45 15
20 47 21
20 48 28
20 49 26
20 56 20
20 57 9
20 58 5
20 59 17
20 60 24
20 62 12
21 22 29
21 24 18
21 25 7
21 26 15
21 28 12
21 30 7
21 31 6
21 32 10
21 33 28
21 36 6
21 38 22
21 40 5
21 42 12
21 44 5
21 46 18
21 47 10
21 48 23
21 49 13
21 51 6
21 52 16
21 55 10
21 56 23
21 57 18
21 60 5
22 24 14
22 26 16
22 28 18
22 29 26
22 33 30
22 36 21
22 37 12
22 39 14
22 42 15
22 44 18
22 48 29
22 49 15
22 50 26
22 52 28
22 56 18
22 59 25
22 60 8
22 61 14
22 62 12
23 26 26
23 29 6
23 30 14
23 32 26
23 33 21
23 35 15
23 37 10
23 38 7
23 39 14
23 43 8
23 45 25
23 46 6
23 48 5
23 55 18
23 58 9
23 60 19
24 28 10
24 29 7
24 30 23
24 34 14
24 35 13
24 41 9
24 42 10
24 43 7
24 45 21
24 46 17
24 47 5
24 48 15
24 49 10
24 50 29
24 51 25
24 52 24
24 53 24
24 56 6
24 57 9
24 58 16
24 59 20
25 26 19
25 27 21
25 36 29
25 37 27
25 38 11
25 40 8
25 43 13
25 44 16
25 45 30
25 46 24
25 48 23
25 50 8
25 60 26
25 61 29
25 62 10
26 29 28
26 30 7
26 31 16
26 32 10
26 34 7
26 35 29
26 36 26
26 38 5
26 40 6
26 41 13
26 42 22
26 44 22
26 45 11
26 48 24
26 49 24
26 50 19
26 51 10
26 57 8
26 59 29
26 61 8
26 62 8
27 29 5
27 31 25
27 32 15
27 33 25
27 35 16
27 37 28
27 38 9
27 39 5
27 41 18
27 44 6
27 48 26
27 51 27
27 52 18
27 53 8
27 57 14
28 29 21
28 34 6
28 37 14
28 39 29
28 40 26
28 43 24
28 45 18
28 50 23
28 52 7
28 53 5
28 54 24
28 55 6
28 57 8
28 58 25
28 62 8
29 30 9
29 31 15
29 32 16
29 33 24
29 34 21
29 35 19
29 37 17
29 38 7
29 40 8
29 43 18
29 44 8
29 45 28
29 47 29
29 48 16
29 50 18
29 54 25
29 55 29
29 57 18
29 60 15
30 32 16
30 33 11
30 35 15
30 36 18
30 37 29
30 40 29
30 41 16
30 44 29
30 46 9
30 47 27
30 48 14
30 49 17
30 50 21
30 52 19
30 55 8
30 57 29
30 58 18
30 60 26
30 61 16
31 32 18
31 35 5
31 36 28
31 38 30
31 39 24
31 43 26
31 44 20
31 45 6
31 47 18
31 48 27
31 49 24
31 50 6
31 54 21
31 56 19
31 58 7
31 62 5
32 33 9
32 35 21
32 36 15
32 37 30
32 38 18
32 39 15
32 40 25
32 41 18
32 42 20
32 47 28
32 48 22
32 49 6
32 50 30
32 54 30
32 58 14
32 59 10
32 60 10
32 61 30
33 36 24
33 37 11
33 38 28
33 40 12
33 42 12
33 44 9
33 45 14
33 47 12
33 49 9
33 51 24
33 53 13
33 54 26
33 57 11
33 59 22
33 61 5
34 38 25
34 39 23
34 41 19
34 42 30
34 44 16
34 46 7
34 47 10
34 51 21
34 54 23
34 56 28
34 57 7
34 58 21
34 60 21
35 36 18
35 37 25
35 38 6
35 40 28
35 51 17
35 52 9
35 55 27
35 56 14
35 61 12
36 40 5
36 42 25
36 43 5
36 46 15
36 47 15
36 48 14
36 49 10
36 50 15
36 51 18
36 52 19
36 55 11
36 57 29
36 59 20
36 61 6
37 39 9
37 41 28
37 46 21
37 50 24
37 52 17
37 54 23
37 55 16
37 58 28
37 61 17
37 62 22
38 39 13
38 42 14
38 46 13
38 47 27
38 50 27
38 51 18
38 52 24
38 53 11
38 57 25
38 58 14
38 59 12
38 60 25
39 43 8
39 44 6
39 46 26
39 47 20
39 49 24
39 50 6
39 52 26
39 55 8
39 56 17
39 60 7
40 46 14
40 49 16
40 52 14
40 53 12
40 54 17
40 55 15
40 57 17
40 62 11
41 42 6
41 43 6
41 47 11
41 50 11
41 52 11
41 53 18
41 55 8
41 56 30
41 59 27
41 61 26
42 44 11
42 45 11
42 46 28
42 47 18
42 49 27
42 52 19
42 54 25
42 56 11
42 57 13
42 58 18
42 62 17
43 45 29
43 46 14
43 47 28
43 48 12
43 49 12
43 50 20
43 52 28
43 53 24
43 54 7
43 57 7
43 61 25
43 62 26
44 49 30
44 50 8
44 51 16
44 54 17
44 55 15
44 56 5
44 57 19
44 60 5
44 61 16
45 47 21
45 49 7
45 51 24
45 52 22
45 53 5
45 56 6
45 57 25
45 59 6
45 61 11
45 62 19
46 48 29
46 49 25
46 52 27
46 53 23
46 56 10
47 48 16
47 50 9
47 51 24
47 52 22
47 53 24
47 54 20
47 62 5
48 50 29
48 51 17
48 55 27
48 57 14
48 60 16
48 61 23
49 51 14
49 53 15
49 59 17
49 60 13
49 62 8
50 51 12
50 56 23
50 57 21
50 59 23
50 62 10
51 53 19
51 54 8
51 55 15
51 60 30
52 53 9
52 60 11
53 62 24
54 55 27
54 56 28
54 59 8
54 60 8
54 61 17
55 56 8
55 57 28
55 58 22
56 57 27
57 59 24
58 60 16
58 61 6
59 62 17
60 62 24
