79 2638 0 20
1 2 23
1 3 18
1 6 18
1 7 18
1 8 26
1 9 11
1 10 26
1 11 24
1 12 29
1 13 20
1 14 24
1 15 13
1 16 28
1 17 30
1 18 14
1 19 24
1 20 8
1 21 9
1 22 11
1 23 19
1 24 26
1 25 30
1 26 5
1 27 19
1 28 15
1 29 10
1 31 27
1 32 8
1 33 30
1 34 23
1 35 19
1 37 30
1 38 12
1 39 6
1 40 7
1 41 5
1 42 23
1 44 10
1 45 22
1 48 26
1 49 11
1 50 6
1 51 29
1 52 20
1 53 25
1 54 27
1 55 25
1 56 5
1 57 21
1 59 15
1 60 29
1 61 5
1 62 11
1 63 12
1 65 5
1 66 5
1 67 9
1 68 5
1 69 26
1 70 18
1 71 27
1 72 21
1 73 7
1 74 13
1 75 29
1 76 13
1 78 30
1 79 17
2 3 9
2 5 18
2 6 14
2 7 12
2 8 12
2 9 10
2 10 14
2 11 19
2 13 30
2 14 7
2 15 15
2 16 19
2 17 20
2 18 12
2 19 28
2 20 24
2 21 5
2 22 21
2 23 26
2 24 18
2 25 10
2 26 5
2 27 18
2 29 22
2 31 19
2 32 23
2 33 14
2 35 5
2 37 5
2 38 12
2 40 24
2 41 18
2 43 16
2 44 12
2 45 7
2 46 11
2 47 6
2 48 26
2 49 12
2 50 10
2 51 25
2 52 7
2 53 25
2 55 30
2 56 27
2 57 12
2 58 25
2 60 19
2 61 20
2 62 6
2 63 8
2 64 23
2 65 17
2 66 5
2 67 26
2 68 23
2 69 24
2 70 14
2 71 5
2 72 22
2 73 7
2 74 11
2 75 25
2 76 26
2 78 7
2 79 29
3 4 20
3 5 10
3 6 7
3 7 10
3 8 20
3 9 5
3 10 28
3 11 25
3 12 19
3 13 20
3 15 8
3 16 18
3 18 15
3 19 17
3 20 26
3 21 27
3 22 21
3 23 27
3 24 13
3 25 15
3 26 10
3 27 8
3 28 15
3 29 25
3 30 26
3 31 7
3 32 9
3 33 5
3 34 16
3 35 11
3 36 30
3 38 9
3 39 14
3 40 10
3 41 10
3 42 6
3 43 10
3 44 10
3 45 21
3 46 17
3 47 28
3 50 22
3 51 14
3 52 8
3 53 24
3 54 11
3 55 6
3 56 12
3 58 13
3 59 26
3 60 18
3 62 7
3 63 29
3 64 27
3 65 15
3 66 11
3 67 27
3 68 29
3 69 17
3 70 5
3 71 11
3 72 21
3 73 29
3 74 7
3 75 24
3 76 30
3 78 22
4 5 5
4 6 29
4 7 21
4 8 10
4 9 14
4 10 30
4 11 5
4 12 15
4 13 29
4 14 12
4 15 10
4 16 28
4 17 26
4 18 14
4 19 7
4 20 30
4 21 6
4 23 28
4 24 6
4 25 8
4 26 27
4 27 14
4 28 5
4 29 24
4 30 23
4 31 21
4 32 19
4 33 20
4 34 14
4 35 12
4 36 10
4 38 28
4 39 10
4 40 6
4 41 20
4 42 10
4 43 17
4 44 28
4 45 9
4 46 19
4 47 20
4 48 15
4 49 22
4 50 12
4 51 17
4 52 25
4 53 5
4 54 21
4 55 7
4 56 28
4 57 29
4 58 20
4 59 22
4 61 18
4 62 6
4 63 22
4 64 29
4 65 26
4 66 9
4 67 21
4 68 25
4 69 8
4 70 5
4 71 30
4 72 21
4 73 7
4 74 27
4 75 12
4 76 20
4 77 11
4 78 12
4 79 8
5 6 10
5 7 6
5 8 14
5 9 23
5 10 13
5 11 16
5 12 16
5 13 30
5 14 9
5 15 21
5 16 30
5 17 20
5 18 16
5 19 22
5 20 11
5 21 28
5 22 14
5 23 28
5 24 27
5 25 16
5 26 20
5 27 25
5 28 22
5 30 13
5 32 21
5 33 12
5 35 13
5 36 23
5 37 6
5 38 21
5 40 14
5 41 17
5 42 27
5 43 28
5 44 8
5 47 25
5 48 12
5 49 11
5 52 18
5 53 23
5 54 10
5 55 30
5 56 25
5 57 10
5 58 5
5 59 26
5 60 11
5 63 13
5 64 21
5 66 5
5 67 26
5 69 19
5 70 21
5 71 28
5 72 20
5 73 23
5 75 20
5 77 27
5 78 28
5 79 9
6 8 8
6 9 16
6 11 7
6 12 10
6 13 18
6 14 5
6 16 24
6 18 26
6 19 22
6 20 26
6 22 9
6 23 30
6 24 16
6 25 18
6 26 15
6 27 19
6 28 8
6 29 25
6 31 5
6 32 24
6 33 13
6 34 10
6 35 15
6 36 29
6 38 18
6 40 24
6 41 10
6 42 16
6 43 28
6 44 12
6 45 14
6 46 11
6 47 11
6 48 27
6 49 22
6 50 11
6 51 23
6 52 13
6 53 17
6 54 6
6 55 7
6 56 10
6 57 18
6 58 29
6 60 22
6 61 11
6 62 21
6 63 21
6 65 18
6 66 10
6 67 15
6 69 11
6 71 18
6 73 8
6 74 7
6 75 26
6 78 19
7 8 23
7 10 20
7 11 8
7 12 27
7 13 16
7 14 22
7 15 29
7 16 6
7 17 30
7 18 24
7 20 30
7 22 18
7 23 11
7 24 17
7 25 8
7 26 19
7 27 11
7 28 17
7 29 16
7 30 26
7 31 30
7 32 28
7 33 24
7 34 19
7 35 24
7 36 17
7 37 22
7 38 30
7 39 14
7 41 12
7 42 30
7 43 8
7 44 24
7 48 22
7 49 30
7 50 23
7 51 29
7 52 29
7 54 13
7 55 9
7 57 25
7 59 7
7 60 30
7 61 15
7 62 16
7 63 28
7 64 8
7 65 27
7 67 26
7 68 22
7 70 27
7 72 30
7 73 5
7 74 27
7 76 11
7 78 17
7 79 19
8 9 25
8 10 19
8 11 23
8 13 26
8 14 17
8 15 26
8 16 12
8 17 10
8 18 18
8 19 6
8 20 30
8 21 30
8 22 5
8 24 7
8 25 5
8 26 15
8 27 28
8 28 18
8 29 6
8 30 26
8 31 13
8 32 12
8 33 16
8 35 19
8 36 17
8 37 24
8 38 22
8 39 21
8 40 27
8 41 26
8 42 13
8 43 10
8 44 23
8 45 19
8 46 16
8 47 24
8 48 11
8 49 20
8 50 22
8 51 24
8 52 13
8 53 28
8 54 7
8 55 10
8 56 8
8 57 20
8 59 23
8 60 29
8 61 6
8 62 21
8 63 30
8 64 25
8 65 5
8 66 21
8 67 28
8 68 6
8 69 29
8 70 19
8 71 29
8 72 15
8 73 13
8 74 16
8 76 18
8 77 30
8 78 20
8 79 6
9 10 7
9 11 16
9 12 30
9 13 8
9 15 21
9 17 22
9 18 15
9 19 14
9 20 10
9 21 14
9 22 5
9 23 12
9 24 29
9 25 28
9 26 26
9 27 11
9 28 5
9 29 19
9 30 11
9 31 12
9 32 15
9 33 5
9 34 26
9 35 21
9 36 12
9 37 13
9 38 26
9 39 8
9 40 21
9 41 10
9 42 15
9 43 16
9 44 16
9 45 17
9 46 7
9 47 30
9 49 18
9 50 25
9 51 28
9 52 17
9 53 14
9 55 27
9 56 8
9 57 7
9 58 16
9 59 25
9 60 19
9 61 8
9 62 25
9 64 11
9 65 6
9 66 29
9 67 29
9 68 24
9 69 12
9 70 22
9 71 8
9 72 29
9 73 23
9 74 9
9 75 21
9 76 29
9 77 17
9 79 29
10 11 10
10 13 9
10 15 14
10 16 22
10 19 25
10 20 17
10 21 21
10 22 27
10 23 28
10 24 17
10 25 25
10 27 15
10 28 18
10 29 20
10 30 15
10 31 27
10 32 14
10 33 19
10 34 20
10 35 26
10 36 15
10 37 21
10 40 30
10 45 13
10 47 6
10 48 29
10 49 20
10 51 16
10 55 25
10 56 7
10 57 25
10 58 5
10 59 14
10 60 19
10 61 20
10 62 19
10 63 7
10 65 16
10 67 9
10 68 8
10 70 22
10 72 28
10 73 5
10 74 7
10 75 11
10 76 23
10 77 26
10 78 9
10 79 21
11 14 8
11 15 13
11 17 21
11 18 16
11 20 14
11 22 24
11 24 11
11 25 14
11 26 9
11 27 16
11 28 26
11 29 27
11 32 26
11 34 14
11 35 20
11 37 11
11 38 9
11 42 22
11 43 16
11 44 24
11 45 18
11 47 17
11 49 10
11 50 21
11 51 24
11 52 8
11 53 16
11 54 10
11 55 20
11 56 21
11 58 14
11 59 12
11 60 9
11 61 20
11 62 7
11 63 18
11 64 12
11 65 26
11 66 19
11 67 27
11 68 27
11 69 11
11 70 22
11 72 6
11 73 28
11 74 11
11 75 26
11 77 9
11 78 16
11 79 15
12 13 26
12 15 21
12 16 27
12 17 19
12 18 6
12 19 24
12 20 8
12 21 8
12 22 19
12 24 27
12 25 24
12 26 29
12 27 17
12 28 7
12 30 7
12 33 15
12 34 16
12 35 18
12 36 10
12 37 20
12 38 17
12 39 8
12 40 16
12 42 24
12 43 18
12 44 10
12 45 7
12 46 6
12 47 27
12 48 28
12 49 21
12 50 25
12 51 20
12 52 8
12 53 26
12 54 24
12 55 15
12 56 7
12 57 30
12 58 19
12 59 11
12 60 27
12 61 13
12 62 7
12 63 17
12 64 8
12 65 26
12 67 10
12 68 29
12 69 19
12 70 7
12 71 27
12 73 12
12 74 24
12 75 12
12 76 16
12 77 10
12 78 20
12 79 9
13 14 6
13 15 13
13 16 27
13 17 28
13 18 20
13 20 23
13 21 11
13 22 11
13 23 30
13 24 22
13 25 14
13 26 29
13 27 9
13 29 20
13 30 29
13 31 12
13 32 8
13 33 19
13 34 16
13 35 9
13 36 16
13 37 19
13 38 26
13 39 12
13 40 8
13 41 27
13 42 25
13 43 6
13 44 28
13 45 20
13 46 11
13 47 12
13 48 26
13 49 14
13 50 16
13 51 13
13 52 29
13 53 22
13 54 21
13 55 24
13 56 25
13 57 16
13 59 12
13 60 5
13 61 12
13 62 21
13 66 27
13 67 14
13 68 20
13 69 29
13 70 8
13 71 9
13 72 29
13 73 5
13 74 17
13 75 17
13 76 26
13 77 18
13 78 28
13 79 6
14 15 18
14 16 28
14 18 14
14 19 8
14 21 22
14 23 13
14 24 16
14 25 16
14 26 23
14 27 15
14 28 7
14 29 22
14 30 30
14 31 8
14 32 12
14 33 8
14 34 15
14 36 6
14 37 14
14 38 30
14 40 5
14 41 5
14 43 12
14 44 13
14 45 12
14 46 26
14 47 25
14 48 26
14 49 7
14 50 13
14 51 22
14 52 5
14 53 20
14 54 7
14 55 29
14 56 20
14 57 5
14 58 20
14 60 18
14 61 10
14 62 17
14 63 25
14 64 18
14 65 15
14 67 9
14 68 25
14 69 29
14 70 16
14 71 24
14 72 28
14 73 23
14 74 13
14 76 24
14 77 19
14 78 22
15 16 27
15 17 23
15 18 9
15 19 27
15 20 28
15 21 18
15 22 12
15 23 19
15 24 8
15 25 30
15 26 24
15 27 25
15 28 6
15 29 15
15 30 7
15 31 22
15 32 24
15 33 27
15 35 23
15 37 24
15 39 20
15 40 5
15 42 18
15 43 26
15 44 15
15 46 12
15 47 18
15 48 19
15 49 5
15 50 6
15 52 18
15 53 20
15 55 20
15 56 5
15 57 14
15 58 21
15 59 8
15 61 29
15 62 8
15 63 19
15 64 20
15 65 6
15 67 18
15 69 29
15 71 20
15 72 15
15 73 13
15 75 14
15 76 19
15 78 14
15 79 14
16 18 12
16 19 5
16 20 7
16 21 27
16 22 24
16 23 24
16 24 10
16 25 8
16 26 21
16 27 18
16 28 22
16 29 18
16 30 5
16 31 5
16 33 8
16 35 17
16 36 9
16 37 21
16 38 26
16 39 16
16 40 10
16 41 11
16 42 11
16 43 16
16 44 30
16 45 17
16 46 9
16 47 6
16 48 15
16 50 16
16 51 30
16 53 21
16 56 24
16 57 9
16 58 21
16 60 9
16 61 30
16 62 27
16 63 15
16 65 12
16 67 10
16 68 9
16 69 27
16 70 19
16 71 14
16 74 13
16 76 28
16 77 13
16 78 20
16 79 18
17 19 29
17 20 14
17 21 14
17 22 25
17 23 29
17 24 19
17 25 19
17 26 13
17 27 7
17 28 24
17 29 9
17 30 22
17 31 13
17 32 27
17 33 11
17 34 22
17 35 7
17 36 13
17 37 15
17 38 10
17 40 24
17 41 12
17 42 24
17 43 30
17 44 12
17 45 21
17 46 7
17 47 23
17 49 6
17 50 14
17 51 16
17 52 27
17 54 22
17 55 6
17 56 7
17 57 25
17 58 13
17 60 6
17 62 27
17 64 29
17 65 9
17 66 24
17 67 7
17 68 27
17 70 21
17 71 29
17 72 6
17 73 18
17 74 30
17 75 28
17 76 8
17 77 16
17 78 10
18 19 22
18 20 7
18 21 22
18 22 7
18 23 18
18 24 20
18 25 14
18 26 25
18 27 15
18 29 6
18 31 29
18 33 28
18 34 25
18 35 13
18 36 6
18 37 26
18 38 26
18 39 14
18 40 17
18 41 18
18 42 22
18 43 16
18 44 18
18 45 22
18 46 12
18 47 25
18 48 15
18 49 7
18 50 6
18 51 22
18 52 23
18 53 9
18 54 10
18 55 12
18 56 25
18 57 15
18 58 13
18 60 6
18 61 8
18 62 22
18 63 5
18 64 6
18 65 16
18 66 24
18 67 23
18 68 20
18 69 16
18 70 6
18 71 30
18 72 20
18 73 15
18 74 23
18 75 25
18 76 17
18 77 13
18 78 15
19 20 15
19 21 16
19 22 6
19 23 6
19 24 30
19 25 17
19 27 22
19 28 12
19 29 28
19 30 27
19 31 29
19 32 18
19 33 18
19 34 6
19 35 18
19 36 9
19 37 28
19 38 22
19 39 20
19 41 29
19 42 9
19 43 21
19 44 23
19 46 20
19 47 21
19 48 17
19 49 9
19 51 16
19 53 9
19 54 21
19 56 29
19 57 5
19 59 5
19 60 24
19 61 13
19 62 10
19 63 21
19 66 14
19 67 30
19 68 29
19 69 21
19 70 7
19 71 17
19 72 20
19 73 28
19 74 21
19 76 25
19 77 13
19 78 20
20 21 26
20 22 9
20 23 12
20 24 19
20 25 19
20 27 25
20 29 9
20 30 12
20 31 17
20 33 11
20 34 8
20 35 29
20 36 11
20 37 11
20 38 27
20 39 5
20 40 23
20 41 18
20 42 22
20 43 25
20 45 11
20 46 24
20 47 16
20 48 29
20 49 27
20 50 22
20 51 27
20 52 5
20 53 14
20 54 30
20 55 6
20 56 6
20 57 24
20 58 14
20 59 15
20 60 24
20 61 5
20 62 10
20 63 6
20 65 11
20 66 15
20 67 18
20 68 15
20 69 18
20 70 17
20 71 8
20 72 20
20 74 14
20 75 15
20 76 24
20 77 10
20 78 21
21 23 29
21 24 18
21 25 12
21 26 22
21 27 9
21 28 28
21 29 23
21 30 7
21 32 13
21 33 30
21 34 22
21 35 30
21 36 10
21 37 21
21 38 20
21 39 5
21 40 22
21 41 22
21 42 18
21 43 10
21 44 30
21 45 15
21 46 10
21 48 5
21 49 13
21 50 19
21 51 14
21 52 22
21 53 8
21 54 9
21 55 10
21 56 8
21 57 21
21 58 12
21 59 11
21 60 11
21 61 6
21 62 20
21 63 28
21 64 16
21 65 5
21 66 18
21 67 10
21 68 28
21 69 19
21 71 11
21 72 11
21 73 8
21 75 17
21 76 21
21 77 8
21 78 10
21 79 19
22 23 22
22 24 24
22 25 25
22 26 23
22 28 17
22 29 21
22 30 24
22 31 26
22 32 21
22 33 16
22 34 13
22 36 16
22 37 5
22 38 20
22 39 28
22 40 30
22 41 14
22 42 21
22 43 9
22 44 19
22 45 12
22 46 10
22 47 25
22 48 10
22 49 14
22 50 15
22 51 25
22 52 5
22 53 29
22 54 13
22 55 16
22 56 8
22 57 8
22 59 6
22 60 22
22 61 30
22 62 26
22 63 8
22 64 5
22 65 6
22 66 14
22 67 5
22 68 12
22 69 5
22 70 14
22 71 5
22 72 11
22 73 13
22 75 25
22 76 16
22 77 19
22 78 27
22 79 23
23 25 7
23 26 16
23 27 20
23 28 30
23 29 8
23 30 27
23 31 15
23 32 22
23 33 22
23 34 24
23 36 11
23 37 8
23 38 23
23 39 10
23 40 23
23 41 6
23 42 23
23 43 13
23 44 6
23 45 19
23 46 21
23 47 6
23 48 26
23 49 10
23 51 24
23 53 7
23 55 12
23 56 5
23 58 27
23 59 18
23 62 7
23 63 26
23 64 21
23 66 30
23 68 27
23 69 13
23 71 18
23 72 9
23 74 12
23 75 6
23 76 17
23 77 15
23 78 12
23 79 5
24 25 11
24 26 11
24 27 29
24 28 29
24 29 6
24 30 10
24 31 27
24 33 23
24 34 13
24 35 14
24 36 30
24 37 13
24 38 13
24 39 7
24 40 24
24 41 24
24 44 14
24 45 29
24 47 27
24 48 30
24 49 20
24 50 16
24 52 19
24 53 21
24 54 8
24 55 11
24 56 7
24 57 16
24 58 9
24 60 6
24 61 22
24 62 23
24 63 8
24 64 8
24 65 22
24 66 15
24 68 18
24 69 26
24 70 27
24 71 24
24 72 30
24 73 18
24 74 6
24 75 6
24 76 17
24 77 14
24 78 26
24 79 19
25 26 23
25 27 25
25 28 27
25 29 5
25 30 18
25 31 14
25 32 8
25 33 25
25 34 8
25 35 15
25 36 21
25 39 5
25 42 20
25 43 16
25 44 25
25 45 20
25 46 21
25 47 21
25 48 15
25 49 17
25 50 5
25 51 30
25 52 7
25 54 24
25 55 22
25 56 27
25 57 16
25 58 27
25 59 14
25 60 16
25 61 25
25 62 5
25 63 26
25 64 24
25 65 20
25 67 29
25 68 19
25 69 30
25 70 20
25 71 10
25 72 22
25 73 13
25 74 9
25 76 11
25 77 21
25 78 24
25 79 25
26 30 6
26 31 28
26 32 16
26 33 22
26 34 21
26 35 5
26 36 26
26 37 9
26 39 13
26 40 17
26 41 29
26 43 12
26 45 22
26 46 12
26 48 26
26 50 26
26 51 20
26 53 24
26 54 10
26 55 11
26 57 5
26 58 15
26 60 18
26 62 28
26 63 16
26 64 8
26 65 25
26 66 18
26 67 8
26 68 18
26 69 22
26 70 18
26 71 18
26 72 11
26 73 24
26 74 12
26 76 21
26 77 11
26 78 17
27 28 23
27 29 14
27 30 27
27 31 14
27 32 25
27 33 6
27 34 9
27 35 5
27 36 28
27 37 12
27 38 9
27 39 11
27 40 5
27 41 28
27 42 28
27 44 30
27 45 17
27 46 29
27 47 7
27 48 11
27 49 26
27 50 25
27 52 13
27 53 11
27 54 14
27 55 11
27 56 9
27 57 11
27 58 25
27 59 6
27 60 8
27 62 10
27 63 27
27 64 6
27 65 14
27 68 20
27 69 12
27 70 10
27 71 11
27 72 23
27 73 25
27 74 12
27 75 22
27 76 6
27 77 8
27 78 16
27 79 29
28 29 16
28 31 5
28 34 19
28 36 8
28 37 16
28 38 18
28 39 19
28 40 10
28 41 9
28 42 8
28 43 21
28 44 11
28 45 21
28 46 5
28 47 25
28 48 15
28 49 5
28 50 5
28 51 18
28 52 17
28 53 14
28 54 12
28 55 30
28 56 18
28 57 13
28 58 8
28 59 19
28 60 28
28 61 21
28 62 23
28 63 23
28 64 30
28 65 30
28 66 14
28 67 23
28 68 9
28 69 11
28 70 15
28 71 14
28 72 25
28 73 20
28 74 20
28 76 10
28 77 9
28 78 29
28 79 16
29 30 7
29 31 18
29 32 16
29 33 25
29 34 19
29 36 15
29 37 11
29 38 7
29 40 18
29 41 6
29 43 24
29 44 29
29 45 13
29 48 24
29 49 30
29 51 28
29 53 19
29 54 30
29 55 12
29 56 30
29 57 8
29 58 29
29 59 21
29 61 12
29 62 30
29 64 27
29 66 20
29 67 18
29 68 16
29 69 7
29 70 20
29 71 21
29 72 22
29 73 17
29 74 9
29 75 11
29 77 28
29 78 11
29 79 9
30 34 15
30 36 15
30 37 17
30 38 29
30 39 6
30 40 19
30 41 8
30 42 10
30 43 6
30 44 7
30 45 22
30 46 13
30 47 10
30 48 10
30 49 13
30 50 26
30 51 18
30 52 5
30 53 15
30 54 8
30 55 23
30 56 15
30 57 23
30 58 11
30 59 6
30 60 12
30 61 21
30 62 16
30 63 10
30 64 18
30 66 18
30 67 6
30 68 13
30 70 10
30 71 23
30 72 14
30 73 22
30 74 21
30 75 14
30 76 29
30 77 15
30 78 19
30 79 15
31 32 6
31 33 16
31 34 24
31 35 6
31 37 7
31 38 6
31 39 5
31 40 26
31 42 20
31 43 30
31 45 10
31 46 21
31 47 27
31 48 17
31 49 20
31 50 10
31 51 24
31 53 29
31 54 20
31 55 23
31 56 22
31 57 23
31 58 18
31 59 14
31 60 13
31 61 22
31 62 16
31 63 24
31 64 30
31 65 28
31 66 11
31 67 8
31 68 20
31 69 17
31 70 13
31 71 28
31 72 17
31 73 22
31 75 28
31 76 21
31 77 8
31 78 15
32 33 11
32 35 6
32 36 27
32 37 9
32 38 25
32 39 8
32 40 6
32 41 26
32 42 25
32 43 12
32 44 25
32 45 8
32 46 6
32 47 13
32 48 8
32 49 29
32 50 20
32 51 29
32 52 9
32 53 11
32 54 16
32 55 22
32 56 16
32 57 15
32 58 18
32 59 6
32 60 27
32 61 20
32 62 7
32 63 8
32 64 22
32 65 15
32 66 14
32 67 6
32 68 15
32 69 12
32 70 27
32 71 13
32 72 24
32 73 9
32 74 18
32 75 17
32 76 19
32 78 8
32 79 23
33 35 30
33 36 22
33 37 15
33 38 7
33 39 21
33 40 24
33 41 11
33 42 20
33 43 24
33 44 17
33 45 29
33 46 12
33 47 29
33 48 22
33 49 30
33 50 18
33 51 9
33 52 17
33 54 10
33 55 30
33 56 18
33 57 26
33 58 13
33 59 7
33 60 28
33 61 7
33 62 10
33 63 25
33 64 22
33 65 17
33 66 13
33 67 16
33 68 19
33 69 27
33 70 21
33 71 8
33 72 13
33 73 22
33 74 28
33 75 5
33 76 29
33 78 26
33 79 28
34 35 24
34 36 26
34 37 27
34 38 29
34 39 21
34 40 10
34 41 27
34 42 19
34 43 22
34 44 26
34 45 13
34 46 16
34 47 23
34 48 6
34 50 14
34 51 5
34 52 18
34 53 25
34 54 15
34 55 21
34 56 22
34 57 16
34 58 28
34 59 5
34 60 26
34 61 14
34 62 19
34 63 7
34 64 25
34 65 17
34 66 13
34 67 20
34 68 27
34 69 25
34 70 6
34 71 17
34 72 12
34 73 13
34 74 7
34 75 30
34 76 11
34 77 15
34 79 18
35 36 9
35 37 7
35 38 10
35 40 16
35 41 13
35 42 8
35 43 5
35 44 9
35 45 26
35 46 14
35 48 29
35 49 27
35 50 5
35 51 12
35 52 11
35 53 10
35 54 23
35 55 16
35 56 25
35 57 15
35 58 11
35 59 25
35 60 10
35 62 20
35 63 26
35 64 21
35 65 13
35 66 9
35 67 29
35 69 23
35 70 23
35 71 19
35 72 16
35 73 12
35 74 22
35 75 14
35 76 29
35 77 16
35 78 6
35 79 19
36 37 16
36 39 5
36 40 23
36 42 28
36 43 12
36 46 15
36 47 18
36 48 26
36 49 27
36 50 7
36 51 28
36 52 16
36 53 28
36 55 22
36 56 19
36 57 21
36 58 17
36 59 8
36 60 25
36 61 26
36 63 11
36 64 14
36 65 17
36 66 12
36 67 23
36 69 24
36 70 29
36 71 7
36 72 14
36 73 18
36 74 7
36 75 18
36 76 23
36 77 13
36 78 22
36 79 12
37 38 15
37 39 13
37 40 10
37 41 15
37 42 28
37 43 12
37 44 13
37 45 21
37 46 17
37 47 20
37 48 18
37 50 5
37 51 7
37 52 8
37 53 30
37 57 12
37 58 27
37 60 19
37 61 22
37 62 24
37 63 7
37 64 7
37 65 14
37 66 29
37 67 11
37 68 17
37 69 28
37 70 20
37 72 24
37 73 10
37 74 21
37 76 10
37 77 23
37 78 26
37 79 16
38 39 6
38 40 8
38 41 28
38 42 9
38 43 23
38 44 25
38 45 5
38 46 26
38 47 16
38 48 20
38 49 22
38 50 11
38 51 18
38 52 10
38 53 20
38 54 16
38 55 17
38 56 10
38 57 18
38 58 19
38 59 26
38 60 20
38 64 9
38 65 30
38 66 22
38 67 5
38 68 23
38 69 16
38 70 7
38 71 5
38 72 17
38 73 24
38 74 6
38 75 24
38 76 17
38 77 7
38 78 19
38 79 25
39 40 28
39 42 17
39 43 30
39 44 11
39 45 6
39 46 7
39 47 20
39 48 16
39 51 10
39 52 9
39 53 24
39 55 16
39 57 15
39 58 18
39 59 22
39 60 9
39 61 14
39 62 14
39 63 8
39 66 9
39 67 18
39 68 10
39 69 28
39 71 27
39 72 21
39 73 14
39 74 25
39 75 8
39 76 22
39 77 18
39 78 25
39 79 19
40 41 10
40 42 20
40 43 8
40 44 19
40 45 16
40 46 15
40 47 27
40 48 21
40 49 26
40 50 16
40 51 16
40 53 14
40 54 13
40 55 27
40 57 16
40 58 30
40 59 29
40 60 29
40 61 12
40 62 16
40 64 16
40 65 14
40 66 26
40 67 20
40 68 22
40 69 25
40 70 10
40 71 18
40 72 30
40 73 18
40 74 17
40 76 13
40 77 6
40 78 7
40 79 13
41 42 8
41 43 10
41 44 11
41 45 20
41 46 24
41 48 17
41 49 13
41 50 24
41 51 15
41 53 6
41 54 26
41 55 27
41 56 7
41 57 8
41 60 8
41 61 14
41 62 29
41 63 18
41 64 13
41 66 5
41 67 13
41 68 5
41 69 9
41 70 26
41 71 16
41 72 26
41 73 19
41 75 17
41 76 10
41 77 21
41 78 18
41 79 24
42 43 10
42 44 30
42 47 13
42 48 23
42 49 6
42 51 13
42 52 23
42 53 14
42 54 18
42 55 26
42 56 5
42 57 8
42 58 17
42 59 11
42 60 28
42 61 12
42 62 26
42 63 19
42 64 13
42 65 5
42 66 13
42 67 30
42 68 5
42 69 21
42 70 25
42 71 10
42 72 19
42 73 13
42 74 5
42 75 18
42 76 17
42 78 7
42 79 29
43 44 29
43 45 25
43 46 7
43 47 22
43 48 18
43 49 16
43 50 6
43 51 9
43 52 17
43 53 26
43 54 30
43 55 29
43 57 20
43 58 22
43 59 22
43 60 29
43 61 29
43 63 6
43 66 5
43 67 23
43 68 29
43 69 6
43 70 9
43 71 8
43 72 17
43 73 30
43 74 15
43 75 25
43 76 10
43 77 24
43 78 20
43 79 8
44 45 6
44 46 9
44 47 11
44 48 21
44 49 19
44 52 19
44 53 7
44 54 16
44 55 10
44 56 25
44 57 22
44 58 14
44 59 29
44 60 11
44 61 18
44 62 28
44 63 21
44 64 8
44 65 19
44 66 18
44 67 14
44 68 20
44 69 19
44 70 13
44 71 20
44 72 9
44 74 19
44 75 13
44 76 7
44 77 16
44 78 23
44 79 10
45 46 30
45 49 12
45 51 6
45 52 16
45 53 19
45 54 13
45 55 15
45 56 27
45 57 24
45 58 12
45 59 19
45 60 23
45 62 6
45 63 8
45 64 26
45 65 15
45 66 11
45 67 5
45 68 28
45 69 29
45 70 26
45 72 28
45 73 15
45 74 15
45 75 8
45 76 15
45 77 18
45 79 8
46 48 23
46 49 17
46 50 12
46 51 8
46 52 24
46 53 27
46 54 26
46 55 8
46 56 16
46 57 30
46 58 23
46 59 8
46 60 10
46 62 21
46 63 9
46 64 5
46 65 16
46 67 18
46 68 10
46 69 10
46 70 24
46 71 26
46 72 5
46 73 29
46 76 9
46 78 26
46 79 10
47 48 28
47 49 24
47 51 24
47 52 5
47 53 8
47 55 12
47 57 13
47 58 24
47 59 22
47 61 18
47 62 19
47 63 16
47 64 20
47 65 28
47 67 26
47 69 15
47 70 11
47 72 17
47 73 5
47 74 21
47 75 22
47 76 21
47 77 18
47 78 24
48 49 6
48 50 30
48 51 26
48 52 21
48 53 28
48 54 19
48 55 23
48 56 25
48 57 15
48 59 7
48 60 27
48 62 18
48 63 30
48 64 29
48 65 25
48 66 22
48 67 5
48 68 27
48 70 19
48 71 19
48 72 20
48 73 8
48 74 20
48 75 19
48 76 22
48 77 28
48 79 9
49 50 21
49 51 14
49 52 9
49 53 14
49 54 30
49 55 12
49 56 27
49 57 23
49 58 5
49 59 14
49 61 8
49 62 26
49 63 20
49 64 10
49 65 24
49 66 9
49 67 29
49 68 20
49 69 25
49 70 24
49 71 22
49 72 8
49 73 7
49 74 19
49 77 26
49 78 27
49 79 17
50 51 24
50 52 13
50 54 8
50 55 24
50 56 8
50 57 20
50 58 17
50 60 22
50 61 11
50 63 25
50 64 11
50 65 13
50 66 11
50 68 23
50 69 25
50 71 26
50 72 17
50 74 18
50 75 19
50 76 16
50 77 24
51 52 6
51 53 19
51 54 19
51 55 16
51 56 10
51 57 10
51 58 10
51 59 13
51 60 13
51 61 10
51 62 20
51 63 26
51 64 7
51 65 9
51 66 22
51 67 7
51 68 7
51 69 18
51 70 9
51 71 19
51 72 9
51 74 24
51 76 18
51 78 14
51 79 17
52 53 22
52 54 9
52 55 6
52 56 6
52 59 9
52 60 8
52 62 21
52 63 5
52 64 20
52 65 6
52 66 8
52 67 8
52 68 28
52 69 5
52 70 24
52 71 25
52 72 9
52 73 13
52 75 29
52 76 13
52 78 19
52 79 26
53 54 26
53 55 23
53 56 23
53 57 29
53 58 11
53 59 11
53 60 24
53 61 25
53 62 23
53 64 7
53 65 8
53 66 29
53 67 22
53 69 22
53 70 14
53 71 19
53 72 12
53 73 12
53 74 9
53 76 6
53 77 25
53 79 18
54 55 27
54 56 28
54 58 18
54 59 19
54 61 11
54 62 17
54 63 30
54 64 29
54 65 14
54 66 30
54 67 27
54 69 11
54 71 21
54 73 30
54 74 13
54 75 13
54 76 15
54 77 20
54 78 24
55 56 30
55 57 29
55 58 26
55 59 17
55 60 22
55 61 26
55 63 9
55 64 28
55 65 22
55 67 29
55 68 17
55 69 13
55 70 21
55 71 8
55 73 15
55 75 26
55 76 25
55 77 24
55 78 27
55 79 17
56 57 26
56 58 19
56 59 17
56 60 15
56 61 6
56 63 16
56 64 20
56 65 16
56 66 30
56 67 8
56 68 13
56 69 17
56 70 21
56 71 29
56 72 26
56 73 23
56 74 23
56 75 26
56 76 10
56 77 12
56 78 5
56 79 12
57 58 15
57 59 9
57 60 8
57 61 28
57 62 30
57 64 25
57 65 26
57 66 13
57 67 19
57 68 15
57 69 22
57 70 25
57 72 25
57 73 19
57 74 20
57 75 18
57 76 7
57 77 14
57 78 6
57 79 9
58 60 18
58 61 18
58 62 12
58 63 7
58 64 21
58 65 22
58 66 22
58 67 17
58 68 12
58 70 19
58 71 23
58 72 12
58 74 19
58 75 16
58 76 29
58 77 5
58 78 29
59 60 15
59 61 29
59 63 17
59 64 12
59 65 23
59 66 24
59 67 5
59 68 20
59 69 13
59 70 23
59 71 20
59 72 21
59 73 15
59 74 22
59 75 13
59 76 22
59 77 23
60 61 11
60 62 24
60 64 18
60 65 16
60 66 27
60 67 19
60 68 16
60 69 8
60 70 7
60 71 29
60 72 21
60 74 21
60 75 21
60 76 24
60 77 26
60 78 5
60 79 27
61 62 28
61 63 21
61 64 23
61 66 21
61 67 10
61 68 17
61 71 18
61 73 8
61 75 23
61 76 29
61 77 20
61 78 23
61 79 5
62 63 26
62 65 23
62 66 5
62 67 20
62 68 17
62 69 15
62 70 30
62 71 10
62 72 21
62 73 15
62 74 28
62 75 6
62 76 12
62 77 10
62 78 28
62 79 14
63 64 11
63 66 22
63 67 30
63 68 10
63 69 23
63 70 14
63 71 21
63 72 21
63 75 14
63 76 10
63 77 8
63 78 24
63 79 12
64 65 20
64 66 22
64 67 19
64 69 8
64 72 18
64 73 10
64 74 22
64 75 21
64 76 24
64 77 11
64 78 26
64 79 17
65 66 30
65 67 23
65 69 16
65 70 30
65 71 9
65 72 13
65 73 22
65 75 11
65 76 28
65 77 28
65 79 7
66 68 11
66 69 11
66 70 6
66 71 8
66 72 16
66 73 22
66 75 17
66 76 5
66 78 29
66 79 18
67 68 14
67 69 29
67 70 27
67 71 5
67 73 9
67 74 28
67 75 8
67 76 15
67 77 22
67 78 16
67 79 18
68 70 6
68 71 19
68 72 21
68 73 8
68 74 18
68 75 9
68 76 9
68 77 24
68 78 27
68 79 24
69 70 25
69 71 13
69 72 7
69 73 17
69 74 8
69 75 22
69 76 11
69 77 20
69 78 9
69 79 28
70 71 10
70 72 5
70 73 10
70 74 5
70 75 11
70 77 15
70 78 30
70 79 20
71 72 30
71 73 19
71 74 8
71 75 26
71 76 29
71 77 12
71 79 23
72 73 15
72 75 17
72 76 19
72 77 14
72 78 10
72 79 23
73 74 12
73 75 5
73 76 24
73 77 26
73 78 11
73 79 26
74 75 18
74 76 9
74 77 27
74 78 22
74 79 9
75 76 25
75 77 14
75 79 17
76 77 28
76 79 9
77 78 24
78 79 28
