29 217
1 6 41
1 9 5
1 14 47
1 16 21
1 17 35
1 22 37
1 23 7
1 29 39
2 3 7
2 8 15
2 12 1
2 13 45
2 18 29
2 22 9
3 7 33
3 9 19
3 13 29
3 22 17
3 25 15
3 27 43
3 28 3
4 2 34
4 7 39
4 11 41
4 14 29
4 15 11
4 23 25
5 1 34
5 7 33
5 9 5
5 10 1
5 20 7
5 21 27
6 2 20
6 4 48
6 10 29
6 17 47
6 23 7
6 25 39
6 26 27
6 29 45
7 1 10
7 2 6
7 8 9
7 11 23
7 15 41
7 19 47
7 22 33
7 24 13
8 1 44
8 21 41
8 23 1
8 25 11
8 29 33
9 4 16
9 7 42
9 11 29
9 12 1
9 14 17
9 16 47
9 19 37
9 24 13
9 28 19
10 1 20
10 8 4
10 9 46
10 13 35
10 17 25
10 19 41
10 22 27
10 29 43
11 1 28
11 3 14
11 14 43
11 18 37
11 19 9
11 20 19
11 23 45
12 4 14
12 7 50
12 8 8
12 13 41
12 14 19
12 20 21
12 27 19
13 1 38
13 4 40
13 5 42
13 6 38
13 8 28
13 9 40
13 11 44
13 23 49
14 2 10
14 3 22
14 7 12
14 8 50
14 10 18
14 15 39
14 20 3
14 26 29
15 1 24
15 2 34
15 3 30
15 8 18
15 9 34
15 11 34
15 17 35
15 20 9
15 23 45
15 25 49
15 26 35
15 27 21
15 28 49
16 6 14
16 8 6
16 10 34
16 12 20
16 13 24
16 19 19
16 21 15
17 4 22
17 5 26
17 8 40
17 14 2
17 19 27
17 26 45
18 1 26
18 4 24
18 5 22
18 8 4
18 9 26
18 10 36
18 14 14
18 24 37
19 1 46
19 2 46
19 3 14
19 13 38
19 15 6
19 20 15
19 22 17
19 24 41
20 8 8
20 18 10
20 27 15
21 2 16
21 4 8
21 6 8
21 7 26
21 9 46
21 10 4
21 11 30
21 12 4
21 13 44
21 15 2
21 17 16
21 22 25
21 26 1
22 5 32
22 6 44
22 12 40
22 14 50
22 15 40
22 20 8
22 26 21
23 3 40
23 9 16
23 10 38
23 14 44
23 16 18
23 17 40
23 18 46
23 24 15
23 29 25
24 1 26
24 2 22
24 4 28
24 6 28
24 8 22
24 12 18
24 13 14
24 14 22
24 20 2
24 22 14
24 28 45
25 2 14
25 4 14
25 5 8
25 11 38
25 12 46
25 17 50
25 19 34
25 21 4
25 26 45
25 29 49
26 2 12
26 12 1
26 13 50
26 18 34
26 19 50
26 20 46
26 24 2
26 29 25
27 6 12
27 14 38
28 11 32
28 13 44
28 23 2
29 4 18
29 5 28
29 7 48
29 9 12
29 17 18
29 19 40
29 22 4
29 27 24
