31 328
1 2 31
1 7 1
1 9 23
1 10 25
1 13 9
1 14 -1
1 16 13
1 17 13
1 22 27
1 24 27
1 27 9
1 29 9
1 31 41
2 5 31
2 6 17
2 10 35
2 14 17
2 15 19
2 17 43
2 18 41
2 19 27
2 23 21
2 29 3
3 2 40
3 4 7
3 5 37
3 7 29
3 8 13
3 9 41
3 13 11
3 16 25
3 17 41
3 18 1
3 21 43
3 23 3
3 24 9
3 26 1
3 30 45
3 31 7
4 2 24
4 6 37
4 8 41
4 9 35
4 10 27
4 11 27
4 14 5
4 16 47
4 21 27
4 24 1
4 26 15
4 31 13
5 1 20
5 13 15
5 16 23
5 19 5
5 20 13
5 27 37
5 29 47
5 30 29
6 1 42
6 3 44
6 5 20
6 7 27
6 8 33
6 10 47
6 16 15
6 19 37
6 23 41
6 24 21
6 25 5
6 29 23
6 30 5
7 4 6
7 14 1
7 15 45
7 17 37
7 18 21
7 21 3
7 23 1
7 29 23
7 30 -1
8 2 16
8 5 2
8 9 35
8 19 15
8 24 9
8 29 7
8 30 39
9 2 30
9 5 10
9 6 26
9 7 20
9 10 7
9 11 49
9 13 25
9 14 9
9 16 11
9 20 37
9 25 15
9 26 13
9 27 11
9 31 19
10 3 26
10 7 46
10 8 44
10 14 29
10 15 1
10 22 41
10 23 49
10 24 29
10 25 15
10 26 -1
10 27 15
10 28 41
11 2 40
11 3 6
11 6 22
11 7 18
11 10 12
11 13 17
11 16 45
11 17 23
11 19 37
11 21 17
11 22 13
11 23 25
11 27 13
11 28 41
11 29 41
12 1 24
12 2 10
12 3 30
12 6 40
12 7 14
12 8 42
12 10 10
12 11 32
12 13 13
12 14 45
12 16 15
13 4 28
13 6 46
13 8 44
13 10 50
13 14 7
13 17 15
13 20 25
13 24 45
13 26 37
13 28 1
13 31 41
14 5 22
14 11 30
14 16 35
14 19 23
14 22 31
14 23 1
14 29 31
14 31 47
15 6 10
15 8 48
15 11 1
15 12 26
15 13 46
15 17 45
15 25 47
16 7 22
16 10 16
16 13 34
16 15 50
16 17 7
16 20 35
16 21 9
16 22 13
16 24 47
16 27 21
17 4 2
17 6 30
17 10 44
17 12 38
17 19 45
17 24 15
17 28 3
18 4 10
18 5 18
18 6 12
18 8 8
18 9 24
18 10 20
18 11 36
18 12 16
18 14 24
18 15 10
18 16 32
18 17 4
18 19 41
18 20 35
18 22 45
18 26 25
18 29 17
19 3 20
19 7 32
19 12 12
19 15 12
19 16 4
19 21 -1
19 25 47
19 27 23
20 3 6
20 4 18
20 7 26
20 8 36
20 12 16
20 14 6
20 17 4
20 23 33
20 24 9
20 26 15
20 29 1
21 2 28
21 5 6
21 6 2
21 8 4
21 9 34
21 10 18
21 12 16
21 13 44
21 15 36
21 20 30
21 22 19
21 27 7
21 30 33
21 31 43
22 4 2
22 6 6
22 9 4
22 12 14
22 15 48
22 25 -1
22 29 45
22 30 49
22 31 27
23 1 1
23 4 6
23 5 20
23 9 28
23 13 6
23 16 2
23 18 12
23 21 34
23 29 15
23 31 37
24 2 2
24 5 18
24 7 36
24 15 48
24 18 36
24 19 1
24 22 36
24 25 11
24 27 15
24 28 15
25 13 16
25 14 38
25 20 6
25 28 7
25 31 3
26 2 12
26 5 12
26 6 38
26 7 2
26 8 46
26 11 6
26 19 48
26 22 6
26 23 16
26 24 32
26 25 12
26 27 3
26 28 25
26 29 11
27 6 44
27 15 4
27 17 12
27 25 32
27 28 25
27 29 25
27 30 -1
28 1 10
28 2 30
28 3 18
28 4 2
28 5 16
28 8 50
28 9 46
28 14 6
28 15 26
28 19 14
28 23 12
28 30 17
29 10 28
29 12 42
29 16 16
29 17 16
29 21 12
29 25 24
30 2 28
30 4 40
30 9 6
30 14 12
30 17 8
30 18 26
30 19 46
30 23 30
30 24 28
30 25 36
30 26 32
30 29 44
31 2 8
31 6 26
31 8 22
31 15 20
31 17 50
31 24 32
31 27 12
31 28 32
31 29 28
31 30 38
