61 1506
1 2 35
1 6 -1
1 9 21
1 15 31
1 16 3
1 26 37
1 27 33
1 30 39
1 33 1
1 36 47
1 41 45
1 44 33
1 46 19
1 47 3
1 48 1
1 49 49
1 51 9
1 52 33
1 53 11
1 54 11
1 55 39
1 57 37
1 58 39
2 5 5
2 6 5
2 7 19
2 9 27
2 12 19
2 15 35
2 17 15
2 19 35
2 23 -1
2 25 13
2 26 29
2 27 43
2 28 39
2 29 43
2 32 13
2 34 27
2 36 13
2 37 43
2 39 39
2 40 5
2 41 21
2 45 25
2 47 9
2 48 35
2 50 33
2 51 33
2 52 43
2 53 19
2 54 11
2 56 35
2 58 19
3 4 29
3 5 49
3 8 1
3 9 43
3 11 3
3 21 29
3 22 13
3 23 13
3 24 39
3 25 13
3 30 43
3 31 -1
3 34 9
3 38 43
3 39 3
3 41 11
3 44 41
3 45 47
3 46 1
3 47 3
3 51 11
3 53 39
3 54 45
3 58 21
3 59 21
4 1 36
4 2 50
4 6 11
4 7 47
4 8 1
4 12 33
4 15 31
4 16 1
4 19 9
4 23 35
4 24 41
4 26 23
4 28 37
4 33 35
4 42 31
4 46 3
4 48 17
4 50 37
4 53 -1
4 55 49
4 61 7
5 1 1
5 8 19
5 11 15
5 13 37
5 14 29
5 16 47
5 19 33
5 25 29
5 27 5
5 29 15
5 32 23
5 33 41
5 35 13
5 36 9
5 38 35
5 42 17
5 43 23
5 44 27
5 45 47
5 49 23
5 50 49
5 52 31
5 54 45
5 56 49
6 5 22
6 14 17
6 17 15
6 25 17
6 28 11
6 29 25
6 31 19
6 38 47
6 39 15
6 42 31
6 43 31
6 45 25
6 46 15
6 47 3
6 48 1
6 49 31
6 50 27
6 51 -1
6 53 41
6 58 1
6 59 27
7 1 40
7 3 28
7 5 22
7 6 8
7 8 15
7 11 21
7 13 29
7 15 17
7 16 33
7 17 17
7 19 1
7 20 43
7 22 27
7 24 25
7 26 45
7 30 3
7 31 45
7 32 35
7 35 9
7 37 11
7 38 -1
7 39 -1
7 40 49
7 46 35
7 49 1
7 52 5
7 53 29
7 57 31
7 58 17
7 59 17
7 61 31
8 1 10
8 2 18
8 10 31
8 11 43
8 15 39
8 18 49
8 22 39
8 27 3
8 29 21
8 30 3
8 35 15
8 36 35
8 37 45
8 39 27
8 46 45
8 47 33
8 51 13
8 52 5
8 60 49
8 61 25
9 4 10
9 5 34
9 7 46
9 8 22
9 12 3
9 15 21
9 16 35
9 20 29
9 23 33
9 26 35
9 27 25
9 30 13
9 36 13
9 38 3
9 39 11
9 40 45
9 42 7
9 44 13
9 45 23
9 47 9
9 48 3
9 50 35
9 54 27
9 55 29
9 57 27
9 60 45
10 1 50
10 4 26
10 5 22
10 6 22
10 7 1
10 9 4
10 14 33
10 15 45
10 16 1
10 18 27
10 19 1
10 22 5
10 25 45
10 26 13
10 27 27
10 28 15
10 29 23
10 31 33
10 32 11
10 39 17
10 41 23
10 43 37
10 44 3
10 50 11
10 53 23
10 55 5
11 1 16
11 2 18
11 6 40
11 9 34
11 10 48
11 12 23
11 15 5
11 17 9
11 20 -1
11 21 21
11 24 23
11 26 37
11 33 7
11 37 41
11 41 19
11 43 1
11 48 23
11 52 39
11 53 1
11 54 1
11 59 1
12 1 32
12 3 26
12 5 12
12 6 44
12 10 50
12 15 31
12 17 47
12 19 3
12 23 7
12 25 27
12 27 25
12 29 15
12 32 31
12 38 21
12 41 5
12 42 21
12 47 23
12 52 27
12 53 -1
12 54 49
12 55 39
12 61 25
13 2 34
13 3 48
13 4 46
13 11 14
13 12 8
13 15 17
13 17 3
13 24 19
13 26 45
13 27 -1
13 28 27
13 29 11
13 31 7
13 43 25
13 44 23
13 45 3
13 48 19
13 50 33
13 52 -1
13 57 43
13 58 33
13 60 17
14 1 48
14 2 34
14 4 38
14 7 46
14 8 48
14 9 40
14 12 40
14 16 33
14 24 31
14 25 43
14 31 27
14 33 33
14 34 17
14 37 5
14 38 3
14 39 41
14 40 39
14 42 1
14 46 1
14 49 21
14 50 37
14 51 27
14 56 45
14 57 1
14 59 15
14 60 43
15 3 28
15 5 36
15 6 26
15 14 22
15 16 25
15 19 19
15 21 35
15 25 -1
15 30 1
15 35 7
15 38 45
15 43 37
15 44 11
15 46 17
15 48 19
15 51 47
15 54 43
15 55 17
15 56 29
15 57 15
15 59 27
16 3 50
16 6 10
16 8 32
16 11 42
16 13 6
16 18 25
16 19 3
16 25 23
16 30 19
16 31 37
16 32 7
16 33 31
16 37 49
16 38 27
16 43 19
16 49 23
16 53 27
16 55 23
16 56 1
16 60 15
17 1 50
17 3 14
17 4 42
17 8 20
17 14 28
17 16 28
17 22 27
17 24 29
17 25 -1
17 27 21
17 28 11
17 29 19
17 32 -1
17 35 45
17 36 1
17 37 39
17 42 3
17 43 49
17 44 19
17 46 35
17 50 15
17 51 19
17 54 3
17 57 13
17 58 13
17 61 15
18 2 34
18 5 6
18 7 28
18 13 46
18 14 28
18 15 50
18 17 10
18 20 39
18 22 41
18 23 43
18 24 29
18 25 31
18 27 31
18 30 33
18 31 13
18 32 17
18 33 3
18 34 9
18 36 31
18 43 29
18 47 47
18 48 37
18 50 21
18 52 33
18 53 17
18 54 23
19 1 10
19 3 6
19 6 32
19 9 24
19 11 8
19 13 44
19 18 36
19 23 31
19 26 11
19 30 31
19 31 23
19 32 35
19 37 45
19 57 31
19 59 37
19 60 5
20 1 40
20 2 16
20 3 18
20 4 16
20 5 44
20 6 50
20 8 48
20 12 8
20 13 16
20 14 40
20 15 24
20 16 38
20 19 48
20 22 25
20 25 -1
20 26 11
20 27 37
20 29 23
20 30 41
20 33 21
20 36 5
20 41 33
20 46 11
20 52 23
20 61 1
21 1 10
21 2 6
21 4 10
21 5 34
21 7 38
21 8 24
21 10 26
21 12 32
21 13 14
21 16 44
21 17 20
21 18 24
21 19 50
21 20 18
21 26 -1
21 28 7
21 29 25
21 31 49
21 33 5
21 37 23
21 41 11
21 44 25
21 46 35
21 47 17
21 49 5
21 50 35
21 51 17
21 52 21
21 55 43
21 56 45
21 57 7
21 58 29
21 59 23
22 2 34
22 4 50
22 5 44
22 6 10
22 9 36
22 11 46
22 14 20
22 15 32
22 19 4
22 21 46
22 31 49
22 34 1
22 37 39
22 39 13
22 40 43
22 41 13
22 42 -1
22 45 47
22 47 29
22 48 23
22 49 25
22 50 23
22 51 23
22 52 49
22 56 31
22 57 43
22 59 31
22 60 15
22 61 25
23 1 48
23 6 14
23 7 26
23 8 2
23 10 32
23 14 42
23 15 42
23 16 10
23 17 8
23 21 24
23 22 34
23 27 39
23 28 49
23 29 49
23 30 35
23 35 49
23 39 41
23 40 39
23 43 11
23 44 45
23 45 3
23 47 43
23 49 43
23 54 49
23 56 5
23 58 21
23 61 17
24 2 14
24 6 44
24 8 4
24 15 4
24 16 36
24 20 44
24 21 26
24 22 10
24 23 1
24 25 49
24 27 -1
24 29 21
24 30 29
24 33 21
24 36 7
24 37 45
24 42 11
24 47 37
24 49 25
24 50 45
24 51 31
24 53 -1
24 55 49
24 57 35
24 59 49
24 60 35
24 61 7
25 1 20
25 4 20
25 7 12
25 8 30
25 9 32
25 11 10
25 13 22
25 19 30
25 21 14
25 22 28
25 27 33
25 33 33
25 34 39
25 35 17
25 38 45
25 42 25
25 43 27
25 45 23
25 52 7
25 59 7
26 3 2
26 5 30
26 8 6
26 12 44
26 14 50
26 15 42
26 16 1
26 17 12
26 18 38
26 22 22
26 23 26
26 24 2
26 25 50
26 27 13
26 28 35
26 32 39
26 35 23
26 37 43
26 39 -1
26 48 41
26 51 -1
26 52 49
26 55 19
26 57 -1
26 60 15
27 6 28
27 7 4
27 11 24
27 14 2
27 16 42
27 19 1
27 21 24
27 22 46
27 28 27
27 31 47
27 36 49
27 37 35
27 38 23
27 39 25
27 40 49
27 43 45
27 44 21
27 50 9
27 60 45
28 1 42
28 7 1
28 8 6
28 11 16
28 12 24
28 16 48
28 18 10
28 22 40
28 25 42
28 29 39
28 32 31
28 34 15
28 35 47
28 41 21
28 44 49
28 47 1
28 50 33
28 52 43
28 53 31
28 55 41
28 59 15
29 1 1
29 3 50
29 4 16
29 7 4
29 9 42
29 11 44
29 15 14
29 16 40
29 18 30
29 19 8
29 26 30
29 27 8
29 32 31
29 37 3
29 38 45
29 39 49
29 40 45
29 46 47
29 47 -1
29 50 7
29 55 31
29 59 17
29 61 49
30 2 18
30 4 4
30 5 24
30 6 44
30 11 2
30 13 46
30 14 20
30 17 22
30 21 44
30 22 8
30 25 1
30 26 16
30 27 20
30 28 16
30 29 22
30 41 19
30 42 27
30 43 11
30 48 15
30 51 25
30 53 39
30 54 11
30 55 33
30 56 29
30 57 15
30 59 17
30 60 21
30 61 25
31 2 34
31 4 24
31 5 24
31 8 20
31 9 6
31 11 14
31 12 46
31 15 36
31 17 20
31 25 34
31 26 30
31 28 22
31 29 32
31 30 12
31 32 11
31 33 9
31 39 31
31 44 19
31 48 23
31 51 45
31 55 49
31 57 37
31 58 29
31 59 45
31 60 3
32 1 48
32 6 14
32 8 32
32 11 42
32 13 1
32 14 50
32 15 46
32 22 2
32 24 28
32 25 50
32 27 32
32 30 50
32 33 41
32 35 5
32 38 23
32 39 43
32 40 29
32 43 47
32 44 33
32 48 45
32 49 39
32 53 31
32 54 11
32 55 25
32 57 9
32 58 27
32 59 9
32 60 23
33 2 24
33 3 48
33 6 6
33 7 40
33 8 18
33 9 24
33 10 30
33 12 4
33 13 26
33 15 32
33 17 4
33 19 34
33 22 50
33 26 20
33 27 30
33 29 10
33 30 10
33 35 13
33 36 3
33 42 49
33 43 21
33 45 29
33 47 15
33 48 47
33 49 17
33 50 49
33 51 1
33 54 3
33 55 33
33 57 43
33 61 29
34 1 18
34 4 50
34 5 32
34 6 20
34 7 50
34 8 38
34 9 20
34 10 10
34 11 44
34 12 14
34 13 42
34 16 24
34 19 1
34 21 38
34 23 30
34 26 50
34 27 14
34 29 28
34 30 26
34 31 12
34 32 12
34 35 45
34 36 15
34 39 9
34 40 11
34 42 41
34 47 33
34 49 35
34 50 29
34 58 15
34 61 35
35 1 14
35 2 34
35 3 50
35 9 10
35 14 50
35 16 10
35 20 22
35 21 36
35 22 28
35 24 46
35 29 6
35 30 50
35 31 10
35 36 47
35 39 35
35 41 25
35 42 29
35 44 33
35 45 15
35 51 13
35 52 13
35 56 1
35 58 29
35 60 17
36 3 4
36 4 32
36 6 10
36 7 44
36 10 32
36 11 38
36 12 12
36 15 2
36 16 36
36 19 12
36 21 22
36 23 24
36 25 14
36 28 40
36 29 26
36 30 16
36 31 28
36 38 45
36 47 23
36 48 21
36 51 41
36 55 45
36 56 45
36 57 29
36 58 47
36 59 -1
36 60 23
36 61 15
37 3 4
37 6 14
37 9 34
37 10 38
37 12 6
37 13 24
37 15 20
37 18 42
37 25 10
37 30 44
37 31 18
37 32 48
37 33 24
37 34 14
37 35 46
37 36 46
37 38 43
37 39 39
37 40 49
37 43 1
37 44 41
37 46 47
37 47 49
37 54 13
37 57 19
37 58 19
37 59 5
37 60 9
38 1 6
38 2 24
38 4 20
38 10 26
38 11 12
38 13 28
38 18 14
38 19 22
38 20 16
38 22 20
38 23 42
38 30 12
38 31 48
38 33 38
38 34 38
38 35 40
38 40 9
38 44 15
38 46 19
38 52 1
38 53 5
38 54 9
38 56 9
38 58 33
38 59 37
39 1 30
39 4 6
39 5 32
39 11 30
39 13 20
39 15 32
39 16 8
39 20 16
39 24 40
39 25 42
39 28 30
39 33 24
39 36 34
39 38 6
39 40 27
39 41 31
39 45 41
39 46 39
39 49 3
39 51 41
39 53 45
39 54 23
39 56 37
39 61 21
40 1 10
40 4 10
40 5 20
40 10 20
40 12 48
40 13 24
40 16 1
40 17 18
40 19 30
40 24 32
40 25 28
40 26 22
40 28 42
40 30 50
40 31 4
40 33 46
40 46 -1
40 48 1
40 52 31
40 54 47
40 55 19
40 56 7
40 58 11
40 60 29
41 5 36
41 6 26
41 8 2
41 9 42
41 13 30
41 14 4
41 15 28
41 16 4
41 17 1
41 19 4
41 24 40
41 25 30
41 26 16
41 27 4
41 29 36
41 31 16
41 32 24
41 33 1
41 34 16
41 36 24
41 38 32
41 43 29
41 47 1
41 49 17
41 50 7
41 54 31
41 56 43
41 57 9
41 58 3
41 60 25
41 61 -1
42 1 10
42 3 48
42 7 20
42 8 46
42 11 28
42 15 48
42 16 38
42 18 34
42 19 44
42 20 24
42 26 6
42 27 44
42 28 34
42 31 48
42 32 14
42 37 6
42 38 14
42 39 24
42 40 14
42 41 26
42 44 13
42 48 15
42 51 37
42 56 23
42 57 49
42 60 49
42 61 31
43 1 20
43 3 1
43 7 26
43 8 44
43 12 22
43 19 1
43 20 4
43 21 20
43 24 24
43 26 1
43 28 24
43 29 44
43 31 4
43 34 18
43 36 24
43 39 32
43 40 12
43 45 31
43 54 -1
43 56 3
43 58 39
43 59 3
43 61 19
44 2 16
44 4 8
44 6 14
44 8 44
44 11 1
44 14 18
44 18 18
44 19 6
44 22 20
44 25 34
44 29 30
44 30 24
44 33 26
44 39 36
44 41 34
44 45 45
44 47 7
44 49 25
44 52 29
44 53 43
44 55 39
44 56 35
44 57 21
45 1 40
45 8 2
45 10 14
45 11 12
45 12 8
45 14 16
45 15 30
45 16 28
45 17 30
45 24 20
45 26 44
45 27 36
45 30 4
45 31 48
45 32 32
45 34 18
45 38 20
45 40 48
45 41 14
45 46 45
45 48 19
45 50 3
45 51 11
45 52 31
45 59 -1
46 2 10
46 5 10
46 9 42
46 12 14
46 13 22
46 16 40
46 18 46
46 22 32
46 24 8
46 25 34
46 26 8
46 27 24
46 28 6
46 30 22
46 31 38
46 34 24
46 35 32
46 36 28
46 41 14
46 42 12
46 43 46
46 44 16
46 49 29
46 53 23
46 55 43
46 56 33
46 57 29
46 58 7
46 60 11
46 61 19
47 4 12
47 5 6
47 7 12
47 10 12
47 11 46
47 13 38
47 16 32
47 17 26
47 19 50
47 25 28
47 26 12
47 31 32
47 35 22
47 38 48
47 39 28
47 40 44
47 43 34
47 45 42
47 46 18
47 54 47
47 55 17
47 58 23
47 59 41
47 61 9
48 3 1
48 7 36
48 10 28
48 12 14
48 14 30
48 16 50
48 19 22
48 20 6
48 23 16
48 24 36
48 27 38
48 28 42
48 34 44
48 39 38
48 41 4
48 44 38
48 46 14
48 47 1
48 51 25
48 54 1
48 56 45
48 59 29
48 60 37
49 2 2
49 4 46
49 8 22
49 9 30
49 10 16
49 11 4
49 15 28
49 18 42
49 19 8
49 25 34
49 26 38
49 27 20
49 29 36
49 31 34
49 36 2
49 37 46
49 38 50
49 40 10
49 42 44
49 43 16
49 45 20
49 48 2
49 50 31
49 51 27
49 61 27
50 1 50
50 3 38
50 7 18
50 8 2
50 12 24
50 16 2
50 19 10
50 20 30
50 25 38
50 32 16
50 36 46
50 37 34
50 38 10
50 40 24
50 46 38
50 48 30
50 51 31
50 55 21
50 56 5
50 57 37
51 5 16
51 7 42
51 10 30
51 11 12
51 12 48
51 16 4
51 18 34
51 19 34
51 20 14
51 23 38
51 25 14
51 27 48
51 29 14
51 32 34
51 34 44
51 37 36
51 40 30
51 44 50
51 54 27
51 58 7
52 3 34
52 4 32
52 6 48
52 9 34
52 15 22
52 16 48
52 23 28
52 24 2
52 30 6
52 31 48
52 32 38
52 34 32
52 41 20
52 43 26
52 47 26
52 48 14
52 49 24
52 51 10
52 55 9
52 59 29
53 5 40
53 14 34
53 15 8
53 22 44
53 23 1
53 25 18
53 26 16
53 27 14
53 29 6
53 31 32
53 33 14
53 35 1
53 36 50
53 37 22
53 40 8
53 41 34
53 43 30
53 45 50
53 48 1
53 49 44
53 50 28
53 51 22
53 52 4
53 54 45
53 60 13
53 61 47
54 4 24
54 7 50
54 8 44
54 10 16
54 14 8
54 16 16
54 19 12
54 21 4
54 24 28
54 25 36
54 26 28
54 27 24
54 28 20
54 31 32
54 34 26
54 35 40
54 36 10
54 44 44
54 46 24
54 49 38
54 50 22
54 52 4
54 56 27
54 57 3
54 58 13
54 61 7
55 2 48
55 3 30
55 5 34
55 6 10
55 7 14
55 8 4
55 13 46
55 14 16
55 17 46
55 18 8
55 19 1
55 20 30
55 25 4
55 27 18
55 34 18
55 35 40
55 37 22
55 41 1
55 42 2
55 43 36
55 45 44
55 48 8
55 51 36
55 57 27
55 58 23
55 59 41
56 1 2
56 3 20
56 6 36
56 7 28
56 8 6
56 9 48
56 10 8
56 11 2
56 12 42
56 17 14
56 20 50
56 24 12
56 25 4
56 26 36
56 27 48
56 29 32
56 31 42
56 32 1
56 33 1
56 34 36
56 37 38
56 45 2
56 51 42
56 52 50
56 53 1
56 55 46
56 57 33
56 60 27
57 2 48
57 3 16
57 4 12
57 5 14
57 6 18
57 10 46
57 12 36
57 16 48
57 23 44
57 25 40
57 27 44
57 28 30
57 29 34
57 34 12
57 35 24
57 38 46
57 39 30
57 43 46
57 47 34
57 48 1
57 52 26
57 53 14
58 8 12
58 11 34
58 12 44
58 14 10
58 15 2
58 16 32
58 18 1
58 19 20
58 20 12
58 22 22
58 24 24
58 25 30
58 26 1
58 27 4
58 28 12
58 29 10
58 33 12
58 44 36
58 52 16
58 53 44
58 56 8
58 59 31
59 1 30
59 2 1
59 4 14
59 5 34
59 8 14
59 10 22
59 20 20
59 23 38
59 26 42
59 27 20
59 33 46
59 35 18
59 40 18
59 41 32
59 42 46
59 46 26
59 49 44
59 50 34
59 51 48
59 53 4
59 54 38
59 56 48
59 57 28
59 61 25
60 1 26
60 2 1
60 3 32
60 4 18
60 5 14
60 6 2
60 7 44
60 15 44
60 20 20
60 21 44
60 23 36
60 25 18
60 29 34
60 33 20
60 38 16
60 39 50
60 45 44
60 47 4
60 49 14
60 51 44
60 54 12
60 55 32
60 57 28
60 61 1
61 1 2
61 2 6
61 5 14
61 6 8
61 9 44
61 11 48
61 13 8
61 14 40
61 21 46
61 25 44
61 26 26
61 28 24
61 31 6
61 32 12
61 35 2
61 38 14
61 40 44
61 45 48
61 50 48
61 51 28
61 52 28
61 55 18
61 57 32
61 58 50
